16117001,0.00,0.00
16117002,8.96,9.13
16117003,8.39,8.52
16117004,8.51,8.71
16117005,8.51,8.71
16117006,7.81,7.41
16117007,8.30,7.90
16117008,8.60,8.66
16117009,8.66,8.71
16117010,8.93,8.87
16117011,8.69,9.01
16117012,8.27,8.69
16117013,7.27,7.05
16117014,7.57,7.46
16117015,7.69,7.73
16117016,0.00,0.00
16117018,8.81,8.78
16117020,0.00,0.00
16117021,9.33,9.31
16117022,8.60,7.94
16117023,8.96,8.82
16117024,9.63,8.79
16117025,7.84,7.49
16117026,0.00,0.00
16117027,8.51,8.09
16117028,8.33,8.44
16117030,8.63,8.33
16117031,7.60,7.64
16117032,9.24,8.13
16117033,6.72,7.36
16117034,0.00,0.00
16117035,0.00,0.00
16117036,7.09,6.78
16117037,8.84,8.80
16117038,7.18,7.57
16117039,7.84,7.73
16117040,9.81,9.55
16117041,6.93,7.03
16117042,6.66,7.18
16117043,7.57,6.88
16117044,7.48,7.08
16117045,0.00,0.00
16117046,7.69,7.73
16117047,8.57,8.98
16117048,0.00,0.00
16117049,0.00,0.00
16117050,8.00,7.98
16117051,0.00,0.00
16117052,0.00,0.00
16117053,0.00,0.00
16117054,0.00,0.00
16117055,8.06,7.78
16117056,8.63,8.25
16117057,8.63,8.79
16117058,0.00,0.00
16117059,8.54,8.59
16117060,8.84,9.01
16117061,8.15,8.35
16117062,6.90,6.37
16117063,8.12,7.98
16117064,7.45,7.48
16117066,8.93,8.47
16117067,9.33,9.58
16117068,7.51,7.48
16117069,9.30,9.12
16117070,7.18,7.26
16117071,7.96,8.03
16117072,8.42,8.41
16117073,0.00,0.00
16117074,0.00,0.00
16117075,8.75,8.60
16117076,9.21,9.12
16117077,8.81,8.78
16117078,8.18,7.82
16117079,8.45,7.82
16117080,0.00,0.00
16117081,8.42,8.62
16117082,8.06,7.60
16117083,8.54,7.83
16117084,8.72,8.18
16117085,7.87,7.85
16117086,7.24,7.58
16117901,8.63,8.81
16117902,8.63,8.75
16117903,8.96,9.03
16117904,8.66,8.57
16117905,9.21,9.25
16117906,9.27,9.26
16117907,8.18,8.75
