16118001,9.53,9.65
16118002,8.90,8.65
16118003,9.23,9.45
16118005,9.33,9.49
16118006,9.33,9.18
16118007,8.50,8.63
16118008,8.56,8.37
16118009,8.70,9.05
16118010,9.20,9.17
16118011,7.86,8.79
16118013,7.43,7.54
16118014,8.33,8.74
16118015,8.23,8.91
16118016,9.30,9.16
16118017,8.03,8.59
16118018,8.66,9.21
16118019,7.36,8.53
16118020,8.10,8.76
16118021,9.00,8.69
16118022,9.43,9.54
16118023,9.13,9.33
16118024,9.16,9.46
16118025,8.43,8.48
16118026,7.46,8.19
16118027,9.26,9.41
16118028,8.23,8.49
16118029,7.93,7.49
16118031,8.73,9.41
16118032,7.20,7.69
16118033,9.36,9.64
16118034,8.33,8.31
16118035,9.13,9.54
16118036,7.73,7.84
16118037,7.86,7.85
16118038,7.76,7.88
16118039,7.73,8.30
16118040,8.66,9.02
16118041,8.53,9.14
16118042,8.96,8.52
16118043,9.13,9.44
16118044,7.66,8.03
16118045,8.70,8.13
16118046,8.76,9.14
16118047,9.63,9.42
16118049,9.20,9.19
16118050,9.36,9.55
16118051,8.93,9.41
16118052,8.13,8.27
16118053,7.33,8.39
16118054,8.10,8.35
16118055,7.36,7.74
16118056,8.26,7.74
16118057,7.16,7.21
16118058,7.70,8.02
16118059,8.43,8.77
16118060,8.33,7.41
16118061,8.30,8.80
16118062,9.13,9.09
16118063,9.40,9.25
16118064,8.73,8.79
16118065,7.80,8.71
16118066,9.50,9.57
16118067,7.36,8.16
16118068,8.46,8.41
16118069,8.20,8.24
16118070,8.53,8.70
16118071,8.83,9.32
16118072,8.30,8.38
16118073,7.86,8.15
16118074,8.70,8.05
16118075,8.50,8.35
16118076,7.16,7.61
16118077,9.36,9.53
16118078,9.13,9.37
16118079,7.60,7.18
16118080,7.63,7.84
16118081,8.40,8.66
16118082,8.66,8.80
16118083,8.30,8.26
16118084,8.80,8.35
16118085,9.00,9.38
16118901,9.13,9.32
16118902,8.20,8.70
16118903,9.56,9.48
16118904,8.96,9.30
16118905,8.10,8.86
16118906,9.36,9.22
16118907,8.96,9.27
16118908,8.83,9.19
16118909,9.23,9.34
16118910,8.66,9.33
